20
2
Indica
11341
10
Indigo
12341
12
1
Indica
12342
10
1
Indica
12343
10
1
Indica
12344
10
1
Indica
12345
10
1
Indica
12346
10
1
Indica
12347
10
1
Indica
12348
10
1
Indica
12349
10
1
Indica
123410
10
1
Indica
123411
10
1
Indica
123412
10
1
Indica
123413
10
1
Indica
123414
10
1
Indica
123415
10
1
Indica
123416
10
1
Indica
123417
10
1
Indica
123418
10
1
Indica
123419
10
1
Indica
123420
10
22
0 1 2
1 6 3
6 2 1
2 3 5
3 7 2
4 8 2
5 8 10
5 6 3
5 9 3
6 10 2
10 11 2
8 13 1
9 13 6
13 14 2
9 14 4
14 15 2
12 16 3
16 13 4
16 17 5
17 14 6
14 18 3
15 19 1




